[
    [
        1,
        9.849500179290771
    ],
    [
        2,
        11.988958835601807
    ],
    [
        3,
        11.073624610900879
    ],
    [
        4,
        14.121084213256836
    ],
    [
        5,
        14.517667293548584
    ],
    [
        6,
        15.63054084777832
    ],
    [
        7,
        15.633292198181152
    ],
    [
        8,
        20.388041973114014
    ],
    [
        9,
        10.280125141143799
    ],
    [
        10,
        14.26979112625122
    ],
    [
        11,
        18.13908290863037
    ],
    [
        12,
        15.587541580200195
    ],
    [
        13,
        14.430333137512207
    ],
    [
        14,
        14.790625095367432
    ],
    [
        15,
        10.638957977294922
    ],
    [
        16,
        18.18499994277954
    ],
    [
        17,
        17.657042026519775
    ],
    [
        18,
        11.785542011260986
    ],
    [
        19,
        14.313916206359863
    ],
    [
        20,
        17.338624954223633
    ],
    [
        21,
        17.867916584014893
    ],
    [
        22,
        12.177665710449219
    ],
    [
        23,
        16.59975004196167
    ],
    [
        24,
        17.584208965301514
    ],
    [
        25,
        13.91683292388916
    ],
    [
        26,
        14.945958137512207
    ],
    [
        27,
        16.55912494659424
    ],
    [
        28,
        16.513916969299316
    ],
    [
        29,
        15.811040878295898
    ],
    [
        30,
        16.182791709899902
    ],
    [
        31,
        14.584666728973389
    ],
    [
        32,
        18.109000205993652
    ],
    [
        33,
        18.156332969665527
    ],
    [
        34,
        27.645874977111816
    ],
    [
        35,
        14.279290676116943
    ],
    [
        36,
        15.087125301361084
    ],
    [
        37,
        16.314833164215088
    ],
    [
        38,
        12.347125053405762
    ],
    [
        39,
        16.714541912078857
    ],
    [
        40,
        17.696208953857422
    ],
    [
        41,
        13.01691722869873
    ],
    [
        42,
        16.065917015075684
    ],
    [
        43,
        14.64050006866455
    ],
    [
        44,
        15.702916145324707
    ],
    [
        45,
        15.797749996185303
    ],
    [
        46,
        74.16733264923096
    ],
    [
        47,
        8.428958415985107
    ],
    [
        48,
        16.471792221069336
    ],
    [
        49,
        17.06500005722046
    ],
    [
        50,
        14.639417171478271
    ],
    [
        51,
        17.908584117889404
    ],
    [
        52,
        15.0708327293396
    ],
    [
        53,
        14.250333786010742
    ],
    [
        54,
        18.569209098815918
    ],
    [
        55,
        15.416249752044678
    ],
    [
        56,
        15.268166065216064
    ],
    [
        57,
        14.96779203414917
    ],
    [
        58,
        15.379665851593018
    ],
    [
        59,
        23.50237512588501
    ],
    [
        60,
        9.107542037963867
    ],
    [
        61,
        14.754167079925537
    ],
    [
        62,
        16.221624851226807
    ],
    [
        63,
        20.500165939331055
    ],
    [
        64,
        12.324666976928711
    ],
    [
        65,
        14.206291198730469
    ],
    [
        66,
        17.467124938964844
    ],
    [
        67,
        17.45074987411499
    ],
    [
        68,
        13.39454174041748
    ],
    [
        69,
        15.965083122253418
    ],
    [
        70,
        18.58295774459839
    ],
    [
        71,
        15.251375198364258
    ],
    [
        72,
        18.388083457946777
    ],
    [
        73,
        8.679416179656982
    ],
    [
        74,
        16.927542209625244
    ],
    [
        75,
        19.186458587646484
    ],
    [
        76,
        13.585000038146973
    ],
    [
        77,
        15.350332736968994
    ],
    [
        78,
        15.405750274658203
    ],
    [
        79,
        23.544125080108643
    ],
    [
        80,
        8.726292133331299
    ],
    [
        81,
        14.761250019073486
    ],
    [
        82,
        16.688916206359863
    ],
    [
        83,
        15.867667198181152
    ],
    [
        84,
        18.594165802001953
    ],
    [
        85,
        21.637875080108643
    ],
    [
        86,
        23.98799991607666
    ],
    [
        87,
        15.424458980560303
    ],
    [
        88,
        15.076791763305664
    ],
    [
        89,
        16.77608299255371
    ],
    [
        90,
        15.727291107177734
    ],
    [
        91,
        15.328708171844482
    ],
    [
        92,
        20.0474591255188
    ],
    [
        93,
        10.4444580078125
    ],
    [
        94,
        16.552708625793457
    ],
    [
        95,
        15.44066572189331
    ],
    [
        96,
        15.418542385101318
    ],
    [
        97,
        16.34404230117798
    ],
    [
        98,
        16.261250019073486
    ],
    [
        99,
        18.244999885559082
    ],
    [
        100,
        12.341166973114014
    ],
    [
        101,
        14.525166988372803
    ],
    [
        102,
        17.444665908813477
    ],
    [
        103,
        14.707624912261963
    ],
    [
        104,
        15.952250003814697
    ],
    [
        105,
        15.635583400726318
    ],
    [
        106,
        19.12125015258789
    ],
    [
        107,
        12.110374927520752
    ],
    [
        108,
        15.338124752044678
    ],
    [
        109,
        16.242541313171387
    ],
    [
        110,
        15.931583404541016
    ],
    [
        111,
        14.919750213623047
    ],
    [
        112,
        16.96479082107544
    ],
    [
        113,
        18.752624988555908
    ],
    [
        114,
        12.125207901000977
    ],
    [
        115,
        15.406875133514404
    ],
    [
        116,
        16.222290992736816
    ],
    [
        117,
        16.18162488937378
    ],
    [
        118,
        15.876708030700684
    ],
    [
        119,
        14.83254098892212
    ],
    [
        120,
        18.69920825958252
    ],
    [
        121,
        14.17287540435791
    ],
    [
        122,
        15.70812463760376
    ],
    [
        123,
        15.764167308807373
    ],
    [
        124,
        15.841792106628418
    ],
    [
        125,
        15.485416889190674
    ],
    [
        126,
        15.82704210281372
    ],
    [
        127,
        19.24537467956543
    ],
    [
        128,
        12.851084232330322
    ],
    [
        129,
        16.141666889190674
    ],
    [
        130,
        14.402040958404541
    ],
    [
        131,
        15.85925006866455
    ],
    [
        132,
        17.257583141326904
    ],
    [
        133,
        14.584916114807129
    ],
    [
        134,
        19.070542335510254
    ],
    [
        135,
        12.54058313369751
    ],
    [
        136,
        14.771542072296143
    ],
    [
        137,
        16.626708030700684
    ],
    [
        138,
        16.8119158744812
    ],
    [
        139,
        14.751874923706055
    ],
    [
        140,
        15.562458038330078
    ],
    [
        141,
        19.578332901000977
    ],
    [
        142,
        12.427166938781738
    ],
    [
        143,
        15.337249755859375
    ],
    [
        144,
        15.850374698638916
    ],
    [
        145,
        16.218791961669922
    ],
    [
        146,
        15.843999862670898
    ],
    [
        147,
        16.880125045776367
    ],
    [
        148,
        17.298874855041504
    ],
    [
        149,
        13.694832801818848
    ],
    [
        150,
        14.832165718078613
    ],
    [
        151,
        15.576916694641113
    ],
    [
        152,
        20.009999752044678
    ],
    [
        153,
        12.415708065032959
    ],
    [
        154,
        14.994249820709229
    ],
    [
        155,
        18.458917140960693
    ],
    [
        156,
        12.182083129882812
    ],
    [
        157,
        15.91362476348877
    ],
    [
        158,
        15.208166122436523
    ],
    [
        159,
        16.526750087738037
    ],
    [
        160,
        15.665250301361084
    ],
    [
        161,
        15.490916728973389
    ],
    [
        162,
        18.00712490081787
    ],
    [
        163,
        11.703999996185303
    ],
    [
        164,
        17.475916385650635
    ],
    [
        165,
        14.992667198181152
    ],
    [
        166,
        15.531957626342773
    ],
    [
        167,
        16.158250331878662
    ],
    [
        168,
        16.235249996185303
    ],
    [
        169,
        18.908958911895752
    ],
    [
        170,
        10.461333751678467
    ],
    [
        171,
        16.26449966430664
    ],
    [
        172,
        17.19670820236206
    ],
    [
        173,
        14.697875022888184
    ],
    [
        174,
        15.558291912078857
    ],
    [
        175,
        15.587542057037354
    ],
    [
        176,
        21.130083084106445
    ],
    [
        177,
        11.82087516784668
    ],
    [
        178,
        14.798583030700684
    ],
    [
        179,
        15.985374927520752
    ],
    [
        180,
        16.409459114074707
    ],
    [
        181,
        15.339749813079834
    ],
    [
        182,
        15.942666053771973
    ],
    [
        183,
        15.647250175476074
    ],
    [
        184,
        16.917791843414307
    ],
    [
        185,
        15.109584331512451
    ],
    [
        186,
        15.716291904449463
    ],
    [
        187,
        15.783333778381348
    ],
    [
        188,
        16.769415855407715
    ],
    [
        189,
        19.30287504196167
    ],
    [
        190,
        9.545958042144775
    ],
    [
        191,
        15.889833927154541
    ],
    [
        192,
        17.03329086303711
    ],
    [
        193,
        15.265791416168213
    ],
    [
        194,
        15.032457828521729
    ],
    [
        195,
        15.24370813369751
    ],
    [
        196,
        20.28737497329712
    ],
    [
        197,
        11.561333656311035
    ],
    [
        198,
        15.377041816711426
    ],
    [
        199,
        17.628790855407715
    ],
    [
        200,
        20.688540935516357
    ]
]